50 50 2000 0 
51 51 2000 1 
53 51 2000 2 
56 51 2000 3 
59 51 2000 4 
62 51 2000 5 
65 51 2000 6 
68 51 2000 7
71 51 2000 8 
74 51 2000 9 
77 51 2000 10
80 51 2000 11
80 48 2000 12
80 45 2000 13
80 42 2000 14
80 39 2000 15
80 36 2000 16
80 33 2000 17
80 30 2000 18
80 27 2000 19
80 24 2000 20
80 21 2000 21
77 21 2000 22
74 21 2000 23
71 21 2000 24
68 21 2000 25
65 21 2000 26
62 21 2000 27
59 21 2000 28
56 21 2000 29
53 21 2000 30
50 21 2000 31
47 21 2000 32
44 21 2000 33
41 21 2000 34
38 21 2000 35
35 21 2000 36
32 21 2000 37
30 24 2000 38
30 27 2000 39
30 30 2000 40
30 33 2000 41
30 36 2000 42
30 39 2000 43
30 42 2000 44
30 45 2000 45
30 48 2000 46
30 51 2000 47
30 54 2000 48
30 57 2000 49
30 60 2000 50
30 63 2000 51
30 67 2000 52
30 70 2000 53
30 73 2000 54
30 76 2000 55
30 79 2000 56
30 81 2000 57
